[gd_scene load_steps=9 format=3 uid="uid://ddvcppji5i133"]

[ext_resource type="Script" path="res://Controllabes/Units/Inverse Kinematic Test/Inverse kinematics test.gd" id="1_qs5g3"]

[sub_resource type="StandardMaterial3D" id="StandardMaterial3D_m6s2v"]

[sub_resource type="ArrayMesh" id="ArrayMesh_berbp"]
resource_name = "Inverse kinematics test_Cube_001"
_surfaces = [{
"aabb": AABB(-0.1, -0.116025, -1.0866, 0.2, 1.83205, 1.17322),
"attribute_data": PackedByteArray(0, 0, 192, 62, 0, 0, 128, 63, 0, 0, 0, 62, 0, 0, 128, 62, 0, 0, 192, 62, 0, 0, 0, 0, 0, 0, 32, 63, 0, 0, 128, 63, 0, 0, 32, 63, 0, 0, 0, 0, 0, 0, 96, 63, 0, 0, 128, 62, 0, 0, 192, 62, 0, 0, 64, 63, 0, 0, 0, 62, 0, 0, 0, 63, 0, 0, 192, 62, 0, 0, 64, 63, 0, 0, 32, 63, 0, 0, 64, 63, 0, 0, 32, 63, 0, 0, 64, 63, 0, 0, 96, 63, 0, 0, 0, 63, 0, 0, 192, 62, 0, 0, 128, 62, 0, 0, 192, 62, 0, 0, 128, 62, 0, 0, 192, 62, 0, 0, 128, 62, 0, 0, 32, 63, 0, 0, 128, 62, 0, 0, 32, 63, 0, 0, 128, 62, 0, 0, 32, 63, 0, 0, 128, 62, 0, 0, 192, 62, 0, 0, 0, 63, 0, 0, 192, 62, 0, 0, 0, 63, 0, 0, 192, 62, 0, 0, 0, 63, 0, 0, 32, 63, 0, 0, 0, 63, 0, 0, 32, 63, 0, 0, 0, 63, 0, 0, 32, 63, 0, 0, 0, 63),
"bone_aabbs": [AABB(-0.1, -0.116025, -1.0866, 0.2, 1.83205, 1.17322), AABB(-0.1, 1.61603, -1.0866, 0.2, 0.10001, 0.173215), AABB(0.1, -0.0160254, 0.0866026, 9.99868e-06, 1.00005e-05, 9.99868e-06)],
"format": 34359745559,
"index_count": 36,
"index_data": PackedByteArray(0, 0, 9, 0, 3, 0, 0, 0, 6, 0, 9, 0, 8, 0, 21, 0, 10, 0, 8, 0, 19, 0, 21, 0, 20, 0, 17, 0, 23, 0, 20, 0, 14, 0, 17, 0, 13, 0, 4, 0, 15, 0, 13, 0, 2, 0, 4, 0, 7, 0, 12, 0, 18, 0, 7, 0, 1, 0, 12, 0, 22, 0, 5, 0, 11, 0, 22, 0, 16, 0, 5, 0),
"material": SubResource("StandardMaterial3D_m6s2v"),
"primitive": 3,
"skin_data": PackedByteArray(0, 0, 0, 0, 0, 0, 0, 0, 255, 255, 0, 0, 0, 0, 0, 0, 0, 0, 0, 0, 0, 0, 0, 0, 255, 255, 0, 0, 0, 0, 0, 0, 0, 0, 0, 0, 0, 0, 0, 0, 255, 255, 0, 0, 0, 0, 0, 0, 0, 0, 1, 0, 0, 0, 0, 0, 131, 253, 123, 2, 0, 0, 0, 0, 0, 0, 1, 0, 0, 0, 0, 0, 131, 253, 123, 2, 0, 0, 0, 0, 0, 0, 1, 0, 0, 0, 0, 0, 131, 253, 123, 2, 0, 0, 0, 0, 0, 0, 0, 0, 0, 0, 0, 0, 255, 255, 0, 0, 0, 0, 0, 0, 0, 0, 0, 0, 0, 0, 0, 0, 255, 255, 0, 0, 0, 0, 0, 0, 0, 0, 0, 0, 0, 0, 0, 0, 255, 255, 0, 0, 0, 0, 0, 0, 0, 0, 0, 0, 0, 0, 0, 0, 255, 255, 0, 0, 0, 0, 0, 0, 0, 0, 0, 0, 0, 0, 0, 0, 255, 255, 0, 0, 0, 0, 0, 0, 0, 0, 0, 0, 0, 0, 0, 0, 255, 255, 0, 0, 0, 0, 0, 0, 0, 0, 2, 0, 0, 0, 0, 0, 185, 255, 69, 0, 0, 0, 0, 0, 0, 0, 2, 0, 0, 0, 0, 0, 185, 255, 69, 0, 0, 0, 0, 0, 0, 0, 2, 0, 0, 0, 0, 0, 185, 255, 69, 0, 0, 0, 0, 0, 0, 0, 1, 0, 0, 0, 0, 0, 229, 255, 25, 0, 0, 0, 0, 0, 0, 0, 1, 0, 0, 0, 0, 0, 229, 255, 25, 0, 0, 0, 0, 0, 0, 0, 1, 0, 0, 0, 0, 0, 229, 255, 25, 0, 0, 0, 0, 0, 0, 0, 0, 0, 0, 0, 0, 0, 255, 255, 0, 0, 0, 0, 0, 0, 0, 0, 0, 0, 0, 0, 0, 0, 255, 255, 0, 0, 0, 0, 0, 0, 0, 0, 0, 0, 0, 0, 0, 0, 255, 255, 0, 0, 0, 0, 0, 0, 0, 0, 1, 0, 0, 0, 0, 0, 7, 255, 247, 0, 0, 0, 0, 0, 0, 0, 1, 0, 0, 0, 0, 0, 7, 255, 247, 0, 0, 0, 0, 0, 0, 0, 1, 0, 0, 0, 0, 0, 7, 255, 247, 0, 0, 0, 0, 0),
"uv_scale": Vector4(0, 0, 0, 0),
"vertex_count": 24,
"vertex_data": PackedByteArray(208, 204, 204, 189, 160, 71, 131, 188, 176, 92, 177, 61, 208, 204, 204, 189, 160, 71, 131, 188, 176, 92, 177, 61, 208, 204, 204, 189, 160, 71, 131, 188, 176, 92, 177, 61, 208, 204, 204, 189, 184, 166, 219, 63, 106, 212, 105, 191, 208, 204, 204, 189, 184, 166, 219, 63, 106, 212, 105, 191, 208, 204, 204, 189, 184, 166, 219, 63, 106, 212, 105, 191, 208, 204, 204, 189, 184, 158, 237, 189, 172, 92, 177, 189, 208, 204, 204, 189, 184, 158, 237, 189, 172, 92, 177, 189, 208, 204, 204, 189, 184, 158, 237, 189, 172, 92, 177, 189, 208, 204, 204, 189, 236, 217, 206, 63, 203, 21, 139, 191, 208, 204, 204, 189, 236, 217, 206, 63, 203, 21, 139, 191, 208, 204, 204, 189, 236, 217, 206, 63, 203, 21, 139, 191, 208, 204, 204, 61, 160, 71, 131, 188, 176, 92, 177, 61, 208, 204, 204, 61, 160, 71, 131, 188, 176, 92, 177, 61, 208, 204, 204, 61, 160, 71, 131, 188, 176, 92, 177, 61, 208, 204, 204, 61, 184, 166, 219, 63, 106, 212, 105, 191, 208, 204, 204, 61, 184, 166, 219, 63, 106, 212, 105, 191, 208, 204, 204, 61, 184, 166, 219, 63, 106, 212, 105, 191, 208, 204, 204, 61, 184, 158, 237, 189, 172, 92, 177, 189, 208, 204, 204, 61, 184, 158, 237, 189, 172, 92, 177, 189, 208, 204, 204, 61, 184, 158, 237, 189, 172, 92, 177, 189, 208, 204, 204, 61, 236, 217, 206, 63, 203, 21, 139, 191, 208, 204, 204, 61, 236, 217, 206, 63, 203, 21, 139, 191, 208, 204, 204, 61, 236, 217, 206, 63, 203, 21, 139, 191, 0, 0, 255, 127, 217, 174, 255, 255, 255, 127, 217, 46, 255, 255, 255, 191, 255, 127, 217, 174, 217, 174, 255, 255, 0, 0, 255, 127, 217, 174, 255, 255, 255, 127, 217, 174, 217, 174, 255, 255, 217, 174, 255, 255, 0, 0, 255, 191, 0, 0, 255, 127, 217, 174, 255, 255, 255, 127, 217, 46, 255, 255, 255, 191, 37, 209, 0, 0, 217, 174, 255, 255, 0, 0, 255, 127, 217, 174, 255, 255, 37, 209, 0, 0, 217, 174, 255, 255, 217, 174, 255, 255, 0, 0, 255, 191, 255, 127, 217, 46, 255, 255, 255, 191, 255, 127, 217, 174, 217, 174, 255, 255, 255, 255, 255, 127, 217, 174, 255, 255, 255, 127, 217, 174, 217, 174, 255, 255, 217, 174, 255, 255, 0, 0, 255, 191, 255, 255, 255, 127, 217, 174, 255, 255, 255, 127, 217, 46, 255, 255, 255, 191, 37, 209, 0, 0, 217, 174, 255, 255, 255, 255, 255, 127, 217, 174, 255, 255, 37, 209, 0, 0, 217, 174, 255, 255, 217, 174, 255, 255, 0, 0, 255, 191, 255, 255, 255, 127, 217, 174, 255, 255)
}]
blend_shape_mode = 0

[sub_resource type="Skin" id="Skin_gws0q"]
resource_name = "Skin"
bind_count = 4
bind/0/name = &"Bone"
bind/0/bone = -1
bind/0/pose = Transform3D(1, -4.04077e-17, 7.14368e-17, 7.14368e-17, 0.857066, -0.515206, -4.04077e-17, 0.515206, 0.857066, 0, 0, 0)
bind/1/name = &"Bone.001"
bind/1/bone = -1
bind/1/pose = Transform3D(1, -5.53861e-22, 4.93423e-19, 4.9342e-19, 0.00222221, -0.999997, -5.50559e-22, 0.999997, 0.00222224, -1.32965e-16, -0.965941, -1.59882)
bind/2/name = &"Bone.002"
bind/2/bone = -1
bind/2/pose = Transform3D(1, -9.55016e-17, -1.82457e-16, -1.82457e-16, -0.821715, -0.569899, -9.55016e-17, 0.569899, -0.821715, -5.01727e-16, -0.307236, -3.25958)
bind/3/name = &"Bone.003"
bind/3/bone = -1
bind/3/pose = Transform3D(1, -1.32349e-23, -6.61744e-24, 6.61744e-24, -1, 8.94069e-08, 1.98523e-23, 2.98023e-08, -1, 2.12759e-16, 0.0418178, -3.93779)

[sub_resource type="StandardMaterial3D" id="StandardMaterial3D_65po1"]

[sub_resource type="ArrayMesh" id="ArrayMesh_pettk"]
resource_name = "Inverse kinematics test_Cube_002"
_surfaces = [{
"aabb": AABB(-0.1, 1.5, -2.9, 0.2, 0.20001, 2.00001),
"attribute_data": PackedByteArray(0, 0, 192, 62, 0, 0, 128, 63, 0, 0, 0, 62, 0, 0, 128, 62, 0, 0, 192, 62, 0, 0, 0, 0, 0, 0, 32, 63, 0, 0, 128, 63, 0, 0, 96, 63, 0, 0, 128, 62, 0, 0, 32, 63, 0, 0, 0, 0, 0, 0, 192, 62, 0, 0, 64, 63, 0, 0, 192, 62, 0, 0, 64, 63, 0, 0, 0, 62, 0, 0, 0, 63, 0, 0, 32, 63, 0, 0, 64, 63, 0, 0, 32, 63, 0, 0, 64, 63, 0, 0, 96, 63, 0, 0, 0, 63, 0, 0, 192, 62, 0, 0, 128, 62, 0, 0, 192, 62, 0, 0, 128, 62, 0, 0, 192, 62, 0, 0, 128, 62, 0, 0, 32, 63, 0, 0, 128, 62, 0, 0, 32, 63, 0, 0, 128, 62, 0, 0, 32, 63, 0, 0, 128, 62, 0, 0, 192, 62, 0, 0, 0, 63, 0, 0, 192, 62, 0, 0, 0, 63, 0, 0, 192, 62, 0, 0, 0, 63, 0, 0, 32, 63, 0, 0, 0, 63, 0, 0, 32, 63, 0, 0, 0, 63, 0, 0, 32, 63, 0, 0, 0, 63),
"bone_aabbs": [AABB(-0.1, 1.5, -0.9, 9.99868e-06, 0.20001, 1.00136e-05), AABB(-0.1, 1.5, -2.9, 0.2, 0.20001, 2.00001), AABB(-0.1, 1.5, -2.9, 0.2, 0.20001, 1.00136e-05)],
"format": 34359745559,
"index_count": 36,
"index_data": PackedByteArray(0, 0, 9, 0, 3, 0, 0, 0, 6, 0, 9, 0, 7, 0, 21, 0, 10, 0, 7, 0, 18, 0, 21, 0, 20, 0, 17, 0, 23, 0, 20, 0, 14, 0, 17, 0, 13, 0, 5, 0, 16, 0, 13, 0, 2, 0, 5, 0, 8, 0, 12, 0, 19, 0, 8, 0, 1, 0, 12, 0, 22, 0, 4, 0, 11, 0, 22, 0, 15, 0, 4, 0),
"material": SubResource("StandardMaterial3D_65po1"),
"primitive": 3,
"skin_data": PackedByteArray(1, 0, 0, 0, 0, 0, 0, 0, 60, 235, 194, 20, 0, 0, 0, 0, 1, 0, 0, 0, 0, 0, 0, 0, 60, 235, 194, 20, 0, 0, 0, 0, 1, 0, 0, 0, 0, 0, 0, 0, 60, 235, 194, 20, 0, 0, 0, 0, 1, 0, 2, 0, 0, 0, 0, 0, 243, 255, 11, 0, 0, 0, 0, 0, 1, 0, 2, 0, 0, 0, 0, 0, 243, 255, 11, 0, 0, 0, 0, 0, 1, 0, 2, 0, 0, 0, 0, 0, 243, 255, 11, 0, 0, 0, 0, 0, 1, 0, 0, 0, 0, 0, 0, 0, 54, 255, 200, 0, 0, 0, 0, 0, 1, 0, 0, 0, 0, 0, 0, 0, 54, 255, 200, 0, 0, 0, 0, 0, 1, 0, 0, 0, 0, 0, 0, 0, 54, 255, 200, 0, 0, 0, 0, 0, 1, 0, 2, 0, 0, 0, 0, 0, 104, 252, 150, 3, 0, 0, 0, 0, 1, 0, 2, 0, 0, 0, 0, 0, 104, 252, 150, 3, 0, 0, 0, 0, 1, 0, 2, 0, 0, 0, 0, 0, 104, 252, 150, 3, 0, 0, 0, 0, 1, 0, 0, 0, 0, 0, 0, 0, 255, 255, 0, 0, 0, 0, 0, 0, 1, 0, 0, 0, 0, 0, 0, 0, 255, 255, 0, 0, 0, 0, 0, 0, 1, 0, 0, 0, 0, 0, 0, 0, 255, 255, 0, 0, 0, 0, 0, 0, 1, 0, 2, 0, 0, 0, 0, 0, 252, 251, 2, 4, 0, 0, 0, 0, 1, 0, 2, 0, 0, 0, 0, 0, 252, 251, 2, 4, 0, 0, 0, 0, 1, 0, 2, 0, 0, 0, 0, 0, 252, 251, 2, 4, 0, 0, 0, 0, 1, 0, 0, 0, 0, 0, 0, 0, 255, 255, 0, 0, 0, 0, 0, 0, 1, 0, 0, 0, 0, 0, 0, 0, 255, 255, 0, 0, 0, 0, 0, 0, 1, 0, 0, 0, 0, 0, 0, 0, 255, 255, 0, 0, 0, 0, 0, 0, 1, 0, 0, 0, 0, 0, 0, 0, 255, 255, 0, 0, 0, 0, 0, 0, 1, 0, 0, 0, 0, 0, 0, 0, 255, 255, 0, 0, 0, 0, 0, 0, 1, 0, 0, 0, 0, 0, 0, 0, 255, 255, 0, 0, 0, 0, 0, 0),
"uv_scale": Vector4(0, 0, 0, 0),
"vertex_count": 24,
"vertex_data": PackedByteArray(208, 204, 204, 189, 155, 153, 217, 63, 104, 102, 102, 191, 208, 204, 204, 189, 155, 153, 217, 63, 104, 102, 102, 191, 208, 204, 204, 189, 155, 153, 217, 63, 104, 102, 102, 191, 208, 204, 204, 189, 155, 153, 217, 63, 154, 153, 57, 192, 208, 204, 204, 189, 155, 153, 217, 63, 154, 153, 57, 192, 208, 204, 204, 189, 155, 153, 217, 63, 154, 153, 57, 192, 208, 204, 204, 189, 1, 0, 192, 63, 104, 102, 102, 191, 208, 204, 204, 189, 1, 0, 192, 63, 104, 102, 102, 191, 208, 204, 204, 189, 1, 0, 192, 63, 104, 102, 102, 191, 208, 204, 204, 189, 1, 0, 192, 63, 154, 153, 57, 192, 208, 204, 204, 189, 1, 0, 192, 63, 154, 153, 57, 192, 208, 204, 204, 189, 1, 0, 192, 63, 154, 153, 57, 192, 208, 204, 204, 61, 155, 153, 217, 63, 104, 102, 102, 191, 208, 204, 204, 61, 155, 153, 217, 63, 104, 102, 102, 191, 208, 204, 204, 61, 155, 153, 217, 63, 104, 102, 102, 191, 208, 204, 204, 61, 155, 153, 217, 63, 154, 153, 57, 192, 208, 204, 204, 61, 155, 153, 217, 63, 154, 153, 57, 192, 208, 204, 204, 61, 155, 153, 217, 63, 154, 153, 57, 192, 208, 204, 204, 61, 1, 0, 192, 63, 104, 102, 102, 191, 208, 204, 204, 61, 1, 0, 192, 63, 104, 102, 102, 191, 208, 204, 204, 61, 1, 0, 192, 63, 104, 102, 102, 191, 208, 204, 204, 61, 1, 0, 192, 63, 154, 153, 57, 192, 208, 204, 204, 61, 1, 0, 192, 63, 154, 153, 57, 192, 208, 204, 204, 61, 1, 0, 192, 63, 154, 153, 57, 192, 0, 0, 255, 127, 255, 255, 255, 255, 255, 127, 255, 127, 255, 255, 255, 191, 255, 127, 255, 255, 255, 255, 255, 255, 0, 0, 255, 127, 255, 255, 255, 255, 255, 255, 255, 255, 0, 0, 255, 191, 255, 127, 255, 255, 255, 255, 255, 255, 0, 0, 255, 127, 255, 255, 255, 255, 255, 127, 0, 0, 255, 255, 255, 255, 255, 127, 255, 127, 255, 255, 255, 191, 0, 0, 255, 127, 255, 255, 255, 255, 255, 127, 0, 0, 255, 255, 255, 255, 255, 255, 255, 255, 0, 0, 255, 191, 255, 127, 255, 127, 255, 255, 255, 191, 255, 127, 255, 255, 255, 255, 255, 255, 255, 255, 255, 127, 255, 255, 255, 255, 255, 255, 255, 255, 0, 0, 255, 191, 255, 127, 255, 255, 255, 255, 255, 255, 255, 255, 255, 127, 255, 255, 255, 255, 255, 127, 0, 0, 255, 255, 255, 255, 255, 127, 255, 127, 255, 255, 255, 191, 255, 255, 255, 127, 255, 255, 255, 255, 255, 127, 0, 0, 255, 255, 255, 255, 255, 255, 255, 255, 0, 0, 255, 191, 255, 255, 255, 127, 255, 255, 255, 255)
}]
blend_shape_mode = 0

[sub_resource type="StandardMaterial3D" id="StandardMaterial3D_t041v"]

[sub_resource type="ArrayMesh" id="ArrayMesh_we0mf"]
resource_name = "Inverse kinematics test_Cube_003"
_surfaces = [{
"aabb": AABB(-0.1, -0.0765096, -4.05549, 0.2, 1.75303, 1.31098),
"attribute_data": PackedByteArray(0, 0, 192, 62, 0, 0, 128, 63, 0, 0, 192, 62, 0, 0, 0, 0, 0, 0, 0, 62, 0, 0, 128, 62, 0, 0, 32, 63, 0, 0, 128, 63, 0, 0, 96, 63, 0, 0, 128, 62, 0, 0, 32, 63, 0, 0, 0, 0, 0, 0, 192, 62, 0, 0, 64, 63, 0, 0, 192, 62, 0, 0, 64, 63, 0, 0, 0, 62, 0, 0, 0, 63, 0, 0, 32, 63, 0, 0, 64, 63, 0, 0, 96, 63, 0, 0, 0, 63, 0, 0, 32, 63, 0, 0, 64, 63, 0, 0, 192, 62, 0, 0, 128, 62, 0, 0, 192, 62, 0, 0, 128, 62, 0, 0, 192, 62, 0, 0, 128, 62, 0, 0, 32, 63, 0, 0, 128, 62, 0, 0, 32, 63, 0, 0, 128, 62, 0, 0, 32, 63, 0, 0, 128, 62, 0, 0, 192, 62, 0, 0, 0, 63, 0, 0, 192, 62, 0, 0, 0, 63, 0, 0, 192, 62, 0, 0, 0, 63, 0, 0, 32, 63, 0, 0, 0, 63, 0, 0, 32, 63, 0, 0, 0, 63, 0, 0, 32, 63, 0, 0, 0, 63),
"bone_aabbs": [AABB(0, 0, 0, -1, -1, -1), AABB(-0.1, 1.56179, -2.74451, 0.2, 1.00136e-05, 1.00136e-05), AABB(-0.1, -0.0765096, -4.05549, 0.2, 1.75303, 1.31098)],
"format": 34359745559,
"index_count": 36,
"index_data": PackedByteArray(0, 0, 9, 0, 3, 0, 0, 0, 6, 0, 9, 0, 7, 0, 22, 0, 11, 0, 7, 0, 18, 0, 22, 0, 20, 0, 17, 0, 23, 0, 20, 0, 14, 0, 17, 0, 12, 0, 5, 0, 16, 0, 12, 0, 1, 0, 5, 0, 8, 0, 13, 0, 19, 0, 8, 0, 2, 0, 13, 0, 21, 0, 4, 0, 10, 0, 21, 0, 15, 0, 4, 0),
"material": SubResource("StandardMaterial3D_t041v"),
"primitive": 3,
"skin_data": PackedByteArray(2, 0, 0, 0, 0, 0, 0, 0, 255, 255, 0, 0, 0, 0, 0, 0, 2, 0, 0, 0, 0, 0, 0, 0, 255, 255, 0, 0, 0, 0, 0, 0, 2, 0, 0, 0, 0, 0, 0, 0, 255, 255, 0, 0, 0, 0, 0, 0, 2, 0, 0, 0, 0, 0, 0, 0, 255, 255, 0, 0, 0, 0, 0, 0, 2, 0, 0, 0, 0, 0, 0, 0, 255, 255, 0, 0, 0, 0, 0, 0, 2, 0, 0, 0, 0, 0, 0, 0, 255, 255, 0, 0, 0, 0, 0, 0, 2, 0, 1, 0, 0, 0, 0, 0, 173, 255, 81, 0, 0, 0, 0, 0, 2, 0, 1, 0, 0, 0, 0, 0, 173, 255, 81, 0, 0, 0, 0, 0, 2, 0, 1, 0, 0, 0, 0, 0, 173, 255, 81, 0, 0, 0, 0, 0, 2, 0, 0, 0, 0, 0, 0, 0, 255, 255, 0, 0, 0, 0, 0, 0, 2, 0, 0, 0, 0, 0, 0, 0, 255, 255, 0, 0, 0, 0, 0, 0, 2, 0, 0, 0, 0, 0, 0, 0, 255, 255, 0, 0, 0, 0, 0, 0, 2, 0, 0, 0, 0, 0, 0, 0, 255, 255, 0, 0, 0, 0, 0, 0, 2, 0, 0, 0, 0, 0, 0, 0, 255, 255, 0, 0, 0, 0, 0, 0, 2, 0, 0, 0, 0, 0, 0, 0, 255, 255, 0, 0, 0, 0, 0, 0, 2, 0, 0, 0, 0, 0, 0, 0, 255, 255, 0, 0, 0, 0, 0, 0, 2, 0, 0, 0, 0, 0, 0, 0, 255, 255, 0, 0, 0, 0, 0, 0, 2, 0, 0, 0, 0, 0, 0, 0, 255, 255, 0, 0, 0, 0, 0, 0, 2, 0, 1, 0, 0, 0, 0, 0, 91, 255, 163, 0, 0, 0, 0, 0, 2, 0, 1, 0, 0, 0, 0, 0, 91, 255, 163, 0, 0, 0, 0, 0, 2, 0, 1, 0, 0, 0, 0, 0, 91, 255, 163, 0, 0, 0, 0, 0, 2, 0, 0, 0, 0, 0, 0, 0, 255, 255, 0, 0, 0, 0, 0, 0, 2, 0, 0, 0, 0, 0, 0, 0, 255, 255, 0, 0, 0, 0, 0, 0, 2, 0, 0, 0, 0, 0, 0, 0, 255, 255, 0, 0, 0, 0, 0, 0),
"uv_scale": Vector4(0, 0, 0, 0),
"vertex_count": 24,
"vertex_data": PackedByteArray(208, 204, 204, 189, 224, 151, 214, 63, 58, 34, 58, 192, 208, 204, 204, 189, 224, 151, 214, 63, 58, 34, 58, 192, 208, 204, 204, 189, 224, 151, 214, 63, 58, 34, 58, 192, 208, 204, 204, 189, 160, 125, 28, 61, 151, 198, 129, 192, 208, 204, 204, 189, 160, 125, 28, 61, 151, 198, 129, 192, 208, 204, 204, 189, 160, 125, 28, 61, 151, 198, 129, 192, 208, 204, 204, 189, 226, 232, 199, 63, 8, 166, 47, 192, 208, 204, 204, 189, 226, 232, 199, 63, 8, 166, 47, 192, 208, 204, 204, 189, 226, 232, 199, 63, 8, 166, 47, 192, 208, 204, 204, 189, 16, 177, 156, 189, 252, 16, 121, 192, 208, 204, 204, 189, 16, 177, 156, 189, 252, 16, 121, 192, 208, 204, 204, 189, 16, 177, 156, 189, 252, 16, 121, 192, 208, 204, 204, 61, 224, 151, 214, 63, 58, 34, 58, 192, 208, 204, 204, 61, 224, 151, 214, 63, 58, 34, 58, 192, 208, 204, 204, 61, 224, 151, 214, 63, 58, 34, 58, 192, 208, 204, 204, 61, 160, 125, 28, 61, 151, 198, 129, 192, 208, 204, 204, 61, 160, 125, 28, 61, 151, 198, 129, 192, 208, 204, 204, 61, 160, 125, 28, 61, 151, 198, 129, 192, 208, 204, 204, 61, 226, 232, 199, 63, 8, 166, 47, 192, 208, 204, 204, 61, 226, 232, 199, 63, 8, 166, 47, 192, 208, 204, 204, 61, 226, 232, 199, 63, 8, 166, 47, 192, 208, 204, 204, 61, 16, 177, 156, 189, 252, 16, 121, 192, 208, 204, 204, 61, 16, 177, 156, 189, 252, 16, 121, 192, 208, 204, 204, 61, 16, 177, 156, 189, 252, 16, 121, 192, 0, 0, 255, 127, 182, 180, 0, 128, 72, 203, 255, 255, 182, 180, 0, 128, 255, 127, 72, 203, 255, 255, 255, 191, 0, 0, 255, 127, 182, 180, 0, 128, 182, 180, 0, 0, 0, 0, 255, 191, 72, 203, 255, 255, 182, 180, 0, 128, 0, 0, 255, 127, 182, 180, 0, 128, 255, 127, 72, 75, 182, 180, 0, 128, 255, 127, 72, 203, 255, 255, 255, 191, 0, 0, 255, 127, 182, 180, 0, 128, 182, 180, 0, 0, 0, 0, 255, 191, 255, 127, 72, 75, 182, 180, 0, 128, 72, 203, 255, 255, 182, 180, 0, 128, 255, 127, 72, 203, 255, 255, 255, 191, 255, 255, 255, 127, 182, 180, 0, 128, 182, 180, 0, 0, 0, 0, 255, 191, 72, 203, 255, 255, 182, 180, 0, 128, 255, 255, 255, 127, 182, 180, 0, 128, 255, 127, 72, 75, 182, 180, 0, 128, 255, 127, 72, 203, 255, 255, 255, 191, 255, 255, 255, 127, 182, 180, 0, 128, 182, 180, 0, 0, 0, 0, 255, 191, 255, 127, 72, 75, 182, 180, 0, 128, 255, 255, 255, 127, 182, 180, 0, 128)
}]
blend_shape_mode = 0

[node name="CSGBox3D" type="CSGBox3D"]
transform = Transform3D(1, 0, 0, 0, 1, 0, 0, 0, 1, 0, -0.5, 0)
size = Vector3(10, 1, 10)

[node name="Inverse kinematics test" type="Node3D" parent="."]
transform = Transform3D(1, 0, 0, 0, 1, 0, 0, 0, 1, 0, 0.5, 0)
script = ExtResource("1_qs5g3")

[node name="FLS" type="Node3D" parent="Inverse kinematics test"]
transform = Transform3D(0.5, 0, 0.866025, 0, 1, 0, -0.866025, 0, 0.5, 0, 0, 0)

[node name="Skeleton3D" type="Skeleton3D" parent="Inverse kinematics test/FLS"]
bones/0/name = "Bone"
bones/0/parent = -1
bones/0/rest = Transform3D(1, 7.14368e-17, -4.04077e-17, -4.04078e-17, 0.857066, 0.515206, 7.14368e-17, -0.515206, 0.857066, 0, 0, 0)
bones/0/enabled = true
bones/0/position = Vector3(0, 0, 0)
bones/0/rotation = Quaternion(-0.267333, -2.90172e-17, -2.90173e-17, 0.963604)
bones/0/scale = Vector3(1, 1, 1)
bones/1/name = "Bone.001"
bones/1/parent = 0
bones/1/rest = Transform3D(1, -7.1033e-17, -4.02495e-17, 7.11821e-17, 0.51711, 0.855919, -3.99851e-17, -0.855919, 0.51711, -6.61744e-24, 1.86796, 5.96046e-08)
bones/1/enabled = true
bones/1/position = Vector3(-6.61744e-24, 1.86796, 5.96046e-08)
bones/1/rotation = Quaternion(-0.491371, -7.58713e-20, 4.08218e-17, 0.870951)
bones/1/scale = Vector3(1, 1, 1)
bones/2/name = "Bone.002"
bones/2/parent = 1
bones/2/rest = Transform3D(1, -1.82738e-16, -9.59074e-17, 1.82738e-16, 0.568071, 0.822979, -9.59074e-17, -0.822979, 0.568071, 4.31533e-24, 1.89115, -2.09548e-08)
bones/2/enabled = true
bones/2/position = Vector3(4.31533e-24, 1.89115, -2.09548e-08)
bones/2/rotation = Quaternion(-0.46472, 3.73674e-24, 1.03188e-16, 0.885458)
bones/2/scale = Vector3(1, 1, 1)
bones/3/name = "Bone.003"
bones/3/parent = 2
bones/3/rest = Transform3D(1, 9.55016e-17, 1.82457e-16, -1.82457e-16, 0.821715, 0.569899, -9.55016e-17, -0.569899, 0.821715, -3.06057e-23, 1.90255, -1.37836e-07)
bones/3/enabled = true
bones/3/position = Vector3(-3.06057e-23, 1.90255, -1.37836e-07)
bones/3/rotation = Quaternion(-0.298568, 7.28108e-17, -7.28108e-17, 0.954388)
bones/3/scale = Vector3(1, 1, 1)

[node name="Cube" type="MeshInstance3D" parent="Inverse kinematics test/FLS/Skeleton3D"]
mesh = SubResource("ArrayMesh_berbp")
skin = SubResource("Skin_gws0q")

[node name="Cube_001" type="MeshInstance3D" parent="Inverse kinematics test/FLS/Skeleton3D"]
mesh = SubResource("ArrayMesh_pettk")
skin = SubResource("Skin_gws0q")

[node name="Cube_002" type="MeshInstance3D" parent="Inverse kinematics test/FLS/Skeleton3D"]
visible = false
mesh = SubResource("ArrayMesh_we0mf")
skin = SubResource("Skin_gws0q")

[node name="SkeletonIK3D" type="SkeletonIK3D" parent="Inverse kinematics test/FLS/Skeleton3D"]
process_priority = 1
root_bone = &"Bone"
tip_bone = &"Bone.002"
target_node = NodePath("../../../FL")

[node name="FRS" type="Node3D" parent="Inverse kinematics test"]
transform = Transform3D(0.5, 0, -0.866025, 0, 1, 0, 0.866025, 0, 0.5, 0, 0, 0)

[node name="Skeleton3D" type="Skeleton3D" parent="Inverse kinematics test/FRS"]
bones/0/name = "Bone"
bones/0/parent = -1
bones/0/rest = Transform3D(1, 7.14368e-17, -4.04077e-17, -4.04078e-17, 0.857066, 0.515206, 7.14368e-17, -0.515206, 0.857066, 0, 0, 0)
bones/0/enabled = true
bones/0/position = Vector3(0, 0, 0)
bones/0/rotation = Quaternion(-0.267333, -2.90172e-17, -2.90173e-17, 0.963604)
bones/0/scale = Vector3(1, 1, 1)
bones/1/name = "Bone.001"
bones/1/parent = 0
bones/1/rest = Transform3D(1, -7.1033e-17, -4.02495e-17, 7.11821e-17, 0.51711, 0.855919, -3.99851e-17, -0.855919, 0.51711, -6.61744e-24, 1.86796, 5.96046e-08)
bones/1/enabled = true
bones/1/position = Vector3(-6.61744e-24, 1.86796, 5.96046e-08)
bones/1/rotation = Quaternion(-0.491371, -7.58713e-20, 4.08218e-17, 0.870951)
bones/1/scale = Vector3(1, 1, 1)
bones/2/name = "Bone.002"
bones/2/parent = 1
bones/2/rest = Transform3D(1, -1.82738e-16, -9.59074e-17, 1.82738e-16, 0.568071, 0.822979, -9.59074e-17, -0.822979, 0.568071, 4.31533e-24, 1.89115, -2.09548e-08)
bones/2/enabled = true
bones/2/position = Vector3(4.31533e-24, 1.89115, -2.09548e-08)
bones/2/rotation = Quaternion(-0.46472, 3.73674e-24, 1.03188e-16, 0.885458)
bones/2/scale = Vector3(1, 1, 1)
bones/3/name = "Bone.003"
bones/3/parent = 2
bones/3/rest = Transform3D(1, 9.55016e-17, 1.82457e-16, -1.82457e-16, 0.821715, 0.569899, -9.55016e-17, -0.569899, 0.821715, -3.06057e-23, 1.90255, -1.37836e-07)
bones/3/enabled = true
bones/3/position = Vector3(-3.06057e-23, 1.90255, -1.37836e-07)
bones/3/rotation = Quaternion(-0.298568, 7.28108e-17, -7.28108e-17, 0.954388)
bones/3/scale = Vector3(1, 1, 1)

[node name="Cube" type="MeshInstance3D" parent="Inverse kinematics test/FRS/Skeleton3D"]
mesh = SubResource("ArrayMesh_berbp")
skin = SubResource("Skin_gws0q")

[node name="Cube_001" type="MeshInstance3D" parent="Inverse kinematics test/FRS/Skeleton3D"]
mesh = SubResource("ArrayMesh_pettk")
skin = SubResource("Skin_gws0q")

[node name="Cube_002" type="MeshInstance3D" parent="Inverse kinematics test/FRS/Skeleton3D"]
visible = false
mesh = SubResource("ArrayMesh_we0mf")
skin = SubResource("Skin_gws0q")

[node name="SkeletonIK3D" type="SkeletonIK3D" parent="Inverse kinematics test/FRS/Skeleton3D"]
process_priority = 1
root_bone = &"Bone"
tip_bone = &"Bone.002"
target_node = NodePath("../../../FR")

[node name="RRS" type="Node3D" parent="Inverse kinematics test"]
transform = Transform3D(-0.5, 0, -0.866025, 0, 1, 0, 0.866025, 0, -0.5, 0, 0, 0)

[node name="Skeleton3D" type="Skeleton3D" parent="Inverse kinematics test/RRS"]
bones/0/name = "Bone"
bones/0/parent = -1
bones/0/rest = Transform3D(1, 7.14368e-17, -4.04077e-17, -4.04078e-17, 0.857066, 0.515206, 7.14368e-17, -0.515206, 0.857066, 0, 0, 0)
bones/0/enabled = true
bones/0/position = Vector3(0, 0, 0)
bones/0/rotation = Quaternion(-0.267333, -2.90172e-17, -2.90173e-17, 0.963604)
bones/0/scale = Vector3(1, 1, 1)
bones/1/name = "Bone.001"
bones/1/parent = 0
bones/1/rest = Transform3D(1, -7.1033e-17, -4.02495e-17, 7.11821e-17, 0.51711, 0.855919, -3.99851e-17, -0.855919, 0.51711, -6.61744e-24, 1.86796, 5.96046e-08)
bones/1/enabled = true
bones/1/position = Vector3(-6.61744e-24, 1.86796, 5.96046e-08)
bones/1/rotation = Quaternion(-0.491371, -7.58713e-20, 4.08218e-17, 0.870951)
bones/1/scale = Vector3(1, 1, 1)
bones/2/name = "Bone.002"
bones/2/parent = 1
bones/2/rest = Transform3D(1, -1.82738e-16, -9.59074e-17, 1.82738e-16, 0.568071, 0.822979, -9.59074e-17, -0.822979, 0.568071, 4.31533e-24, 1.89115, -2.09548e-08)
bones/2/enabled = true
bones/2/position = Vector3(4.31533e-24, 1.89115, -2.09548e-08)
bones/2/rotation = Quaternion(-0.46472, 3.73674e-24, 1.03188e-16, 0.885458)
bones/2/scale = Vector3(1, 1, 1)
bones/3/name = "Bone.003"
bones/3/parent = 2
bones/3/rest = Transform3D(1, 9.55016e-17, 1.82457e-16, -1.82457e-16, 0.821715, 0.569899, -9.55016e-17, -0.569899, 0.821715, -3.06057e-23, 1.90255, -1.37836e-07)
bones/3/enabled = true
bones/3/position = Vector3(-3.06057e-23, 1.90255, -1.37836e-07)
bones/3/rotation = Quaternion(-0.298568, 7.28108e-17, -7.28108e-17, 0.954388)
bones/3/scale = Vector3(1, 1, 1)

[node name="Cube" type="MeshInstance3D" parent="Inverse kinematics test/RRS/Skeleton3D"]
mesh = SubResource("ArrayMesh_berbp")
skin = SubResource("Skin_gws0q")

[node name="Cube_001" type="MeshInstance3D" parent="Inverse kinematics test/RRS/Skeleton3D"]
mesh = SubResource("ArrayMesh_pettk")
skin = SubResource("Skin_gws0q")

[node name="Cube_002" type="MeshInstance3D" parent="Inverse kinematics test/RRS/Skeleton3D"]
visible = false
mesh = SubResource("ArrayMesh_we0mf")
skin = SubResource("Skin_gws0q")

[node name="SkeletonIK3D" type="SkeletonIK3D" parent="Inverse kinematics test/RRS/Skeleton3D"]
process_priority = 1
root_bone = &"Bone"
tip_bone = &"Bone.002"
target_node = NodePath("../../../RR")

[node name="RLS" type="Node3D" parent="Inverse kinematics test"]
transform = Transform3D(-0.5, 0, 0.866026, 0, 1, 0, -0.866026, 0, -0.5, 0, 0, 0)

[node name="Skeleton3D" type="Skeleton3D" parent="Inverse kinematics test/RLS"]
bones/0/name = "Bone"
bones/0/parent = -1
bones/0/rest = Transform3D(1, 7.14368e-17, -4.04077e-17, -4.04078e-17, 0.857066, 0.515206, 7.14368e-17, -0.515206, 0.857066, 0, 0, 0)
bones/0/enabled = true
bones/0/position = Vector3(0, 0, 0)
bones/0/rotation = Quaternion(-0.267333, -2.90172e-17, -2.90173e-17, 0.963604)
bones/0/scale = Vector3(1, 1, 1)
bones/1/name = "Bone.001"
bones/1/parent = 0
bones/1/rest = Transform3D(1, -7.1033e-17, -4.02495e-17, 7.11821e-17, 0.51711, 0.855919, -3.99851e-17, -0.855919, 0.51711, -6.61744e-24, 1.86796, 5.96046e-08)
bones/1/enabled = true
bones/1/position = Vector3(-6.61744e-24, 1.86796, 5.96046e-08)
bones/1/rotation = Quaternion(-0.491371, -7.58713e-20, 4.08218e-17, 0.870951)
bones/1/scale = Vector3(1, 1, 1)
bones/2/name = "Bone.002"
bones/2/parent = 1
bones/2/rest = Transform3D(1, -1.82738e-16, -9.59074e-17, 1.82738e-16, 0.568071, 0.822979, -9.59074e-17, -0.822979, 0.568071, 4.31533e-24, 1.89115, -2.09548e-08)
bones/2/enabled = true
bones/2/position = Vector3(4.31533e-24, 1.89115, -2.09548e-08)
bones/2/rotation = Quaternion(-0.46472, 3.73674e-24, 1.03188e-16, 0.885458)
bones/2/scale = Vector3(1, 1, 1)
bones/3/name = "Bone.003"
bones/3/parent = 2
bones/3/rest = Transform3D(1, 9.55016e-17, 1.82457e-16, -1.82457e-16, 0.821715, 0.569899, -9.55016e-17, -0.569899, 0.821715, -3.06057e-23, 1.90255, -1.37836e-07)
bones/3/enabled = true
bones/3/position = Vector3(-3.06057e-23, 1.90255, -1.37836e-07)
bones/3/rotation = Quaternion(-0.298568, 7.28108e-17, -7.28108e-17, 0.954388)
bones/3/scale = Vector3(1, 1, 1)

[node name="Cube" type="MeshInstance3D" parent="Inverse kinematics test/RLS/Skeleton3D"]
mesh = SubResource("ArrayMesh_berbp")
skin = SubResource("Skin_gws0q")

[node name="Cube_001" type="MeshInstance3D" parent="Inverse kinematics test/RLS/Skeleton3D"]
mesh = SubResource("ArrayMesh_pettk")
skin = SubResource("Skin_gws0q")

[node name="Cube_002" type="MeshInstance3D" parent="Inverse kinematics test/RLS/Skeleton3D"]
visible = false
mesh = SubResource("ArrayMesh_we0mf")
skin = SubResource("Skin_gws0q")

[node name="SkeletonIK3D" type="SkeletonIK3D" parent="Inverse kinematics test/RLS/Skeleton3D"]
process_priority = 1
root_bone = &"Bone"
tip_bone = &"Bone.002"
target_node = NodePath("../../../RL")

[node name="FL" type="Node3D" parent="Inverse kinematics test"]
transform = Transform3D(1, 0, 0, 0, -1, 8.74228e-08, 0, -8.74228e-08, -1, -3, 0, -2)

[node name="FR" type="Node3D" parent="Inverse kinematics test"]
transform = Transform3D(1, 0, 0, 0, -1, 8.74228e-08, 0, -8.74228e-08, -1, 3, 0, -2)

[node name="RR" type="Node3D" parent="Inverse kinematics test"]
transform = Transform3D(1, 0, 0, 0, -1, 8.74228e-08, 0, -8.74228e-08, -1, 3, 0, 2)

[node name="RL" type="Node3D" parent="Inverse kinematics test"]
transform = Transform3D(1, 0, 0, 0, -1, 8.74228e-08, 0, -8.74228e-08, -1, -3, 0, 2)
